0.003595
0.003821
0.003525
0.002823
0.003609
0.003736
0.003892
0.003282
0.004911
0.007451
0.002855
0.003952
0.004025
0.005275
0.003992
0.004245
0.004117
0.003364
0.002002
0.003897
0.002514
0.001871
0.002218
0.001661
0.001902
0.002397
0.003445
0.003220
0.002358
0.003621
0.002923
0.003697
0.004961
0.003112
0.002877
0.002750
0.003626
0.003941
0.004256
0.003912
0.002669
0.003296
0.002946
0.003032
0.003067
0.004501
0.003429
0.002633
0.003213
0.001954
0.002673
0.005424
0.002974
0.003651
0.002252
0.002823
0.002602
0.001419
0.002810
0.002519
0.003675
0.002303
0.001794
0.003703
0.003199
0.002343
0.002983
0.002327
0.003021
0.002448
0.002465
0.003415
0.003110
0.003896
0.002885
0.002283
0.003412
0.004223
0.001792
0.002265
0.003121
0.004026
0.004492
0.003179
0.003357
0.003654
0.003625
0.007759
0.002179
0.004530
0.004975
0.002729
0.002862
0.002698
0.004928
0.003460
0.004905
0.003334
0.004623
0.004007
0.005210
0.005185
0.005592
0.004346
0.006046
0.005107
0.005064
0.003547
0.003313
0.002469
0.001931
0.002485
0.003924
0.004241
0.004079
0.004142
0.003641
0.003364
0.002031
0.003822
0.002456
0.001866
0.002198
0.001619
0.001852
0.002311
0.003240
0.003341
0.002266
0.003508
0.002970
0.037072
0.002516
0.002963
0.002295
0.002903
0.003509
0.004664
0.003963
0.005208
0.002771
0.003266
0.002879
0.003036
0.003033
0.004133
0.003542
0.002690
0.003239
0.002034
0.002831
0.003032
0.002831
0.003745
0.002325
0.002780
0.002495
0.001414
0.002622
0.002605
0.003634
0.002217
0.001632
0.003577
0.003492
0.002470
0.003920
0.002284
0.003122
0.002850
0.002487
0.003389
0.002508
0.003829
0.002938
0.002300
0.003226
0.004225
0.001826
0.002043
0.003278
0.004815
0.003249
0.004376
0.003463
0.004290
0.002350
0.005324
0.002071
0.003101
0.003073
0.002768
0.001852
0.002306
0.003939
0.003313
0.003135
0.003025
0.003741
0.003402
