0.000336
0.000371
0.000391
0.000304
0.000328
0.000362
0.000466
0.000316
0.000522
0.000379
0.000415
0.000403
0.000451
0.000519
0.000390
0.000394
0.000405
0.000343
0.000170
0.000366
0.000358
0.000183
0.000240
0.000168
0.000186
0.000228
0.000378
0.000325
0.000223
0.000394
0.000326
0.000405
0.000768
0.000297
0.000274
0.000254
0.000353
0.000364
0.000392
0.000379
0.000244
0.000350
0.000277
0.000390
0.000289
0.000407
0.000438
0.000255
0.000304
0.000200
0.000308
0.000497
0.000273
0.000355
0.000298
0.000259
0.000325
0.000231
0.000248
0.000289
0.000367
0.000217
0.000175
0.000335
0.000323
0.000228
0.000376
0.000276
0.000299
0.000282
0.000238
0.000477
0.000292
0.000348
0.000360
0.000285
0.000320
0.000402
0.000177
0.000193
0.000315
0.000581
0.000517
0.000360
0.000331
0.000345
0.000338
0.000543
0.000282
0.000395
0.000516
0.000248
0.000289
0.000350
0.000427
0.000589
0.000542
0.000376
0.000470
0.000317
0.000537
0.000409
0.000588
0.000373
0.000594
0.000617
0.000598
0.000383
0.000315
0.000251
0.000249
0.000280
0.000448
0.000417
0.000493
0.000413
0.000396
0.000319
0.000287
0.000436
0.000256
0.000177
0.000268
0.000161
0.000185
0.000220
0.000396
0.000309
0.000213
0.000327
0.000299
0.000585
0.000292
0.000293
0.000275
0.000253
0.000385
0.000445
0.000401
0.000560
0.000332
0.000391
0.000272
0.000337
0.000323
0.000482
0.000323
0.000255
0.000365
0.000192
0.000354
0.000366
0.000264
0.000363
0.000206
0.000265
0.000292
0.000139
0.000256
0.000255
0.000417
0.000303
0.000159
0.000440
0.000322
0.000223
0.000307
0.000224
0.000294
0.000287
0.000235
0.000334
0.000319
0.000441
0.000273
0.000266
0.000418
0.000484
0.000176
0.000199
0.000366
0.000445
0.000412
0.000305
0.000347
0.000356
0.000216
0.000474
0.000205
0.000281
0.000293
0.000250
0.000231
0.000269
0.000453
0.000353
0.000363
0.000289
0.000355
0.000350
