0.000274
0.000096
0.000242
0.000226
0.000141
0.000222
0.000177
0.000226
0.000249
0.000242
0.000385
0.000306
0.000424
0.000815
0.000559
0.000564
0.000523
0.000635
0.000289
0.000636
0.000495
0.000455
0.000524
0.000058
0.000468
0.000585
0.000740
0.001331
0.000249
0.000507
0.000285
0.000665
0.000963
0.000634
0.000418
0.000587
0.000765
0.001184
0.000766
0.001022
0.000905
0.001133
0.000876
0.001054
0.001505
0.001810
0.001389
0.000940
0.001626
0.000671
0.001463
0.002357
0.001088
0.001894
0.001035
0.000939
0.001111
0.000762
0.001682
0.001295
0.001972
0.001417
0.000702
0.001744
0.002110
0.001446
0.001580
0.000830
0.001424
0.001069
0.001722
0.002476
0.001871
0.001758
0.001513
0.001632
0.001518
0.002491
0.001377
0.001605
0.001760
0.002920
0.002519
0.001093
0.002484
0.002978
0.001272
0.001568
0.001044
0.001386
0.002866
0.001930
0.001496
0.002873
0.002445
0.002020
0.003134
0.002190
0.004101
0.003118
0.000419
0.000343
0.000494
0.000319
0.000364
0.000450
0.000455
0.000334
0.000238
0.000234
0.000296
0.000479
0.000475
0.000626
0.000742
0.000622
0.000601
0.000747
0.000355
0.000772
0.000525
0.000528
0.000578
0.000065
0.000596
0.000707
0.000767
0.001143
0.000309
0.000528
0.000419
0.000553
0.001091
0.000787
0.000506
0.000595
0.000856
0.001278
0.000848
0.001039
0.000924
0.001243
0.001051
0.001126
0.001411
0.001693
0.001254
0.000983
0.002604
0.000765
0.001497
0.001878
0.001095
0.002250
0.001355
0.000923
0.001063
0.000823
0.001547
0.001330
0.002017
0.001525
0.000557
0.001877
0.001986
0.001534
0.002034
0.001149
0.001484
0.001160
0.001760
0.002614
0.001654
0.001805
0.001541
0.001635
0.001977
0.002656
0.001290
0.001448
0.002644
0.003011
0.002509
0.001131
0.002720
0.003053
0.000910
0.001561
0.001062
0.001316
0.001769
0.001992
0.001611
0.002289
0.002141
0.002043
0.002079
0.002149
0.003038
0.002705
