0.001751
0.001718
0.002465
0.001651
0.001786
0.002603
0.002283
0.002568
0.003011
0.002888
0.002597
0.002726
0.002648
0.005308
0.003805
0.002846
0.002915
0.003581
0.001211
0.003340
0.002291
0.001702
0.001887
0.000163
0.001457
0.002152
0.002601
0.003380
0.000730
0.001661
0.000790
0.001250
0.003934
0.001489
0.000644
0.001331
0.002163
0.002735
0.001858
0.002304
0.001822
0.002864
0.001497
0.002007
0.002668
0.003548
0.002845
0.001921
0.002867
0.000849
0.002717
0.004398
0.001581
0.003401
0.001857
0.001309
0.001756
0.001110
0.002583
0.002115
0.003036
0.002024
0.000609
0.002823
0.002913
0.002321
0.002660
0.001153
0.002194
0.001275
0.002217
0.003357
0.001926
0.001980
0.001933
0.002179
0.001879
0.003034
0.001436
0.001306
0.002183
0.004262
0.002836
0.001337
0.003281
0.003372
0.001690
0.002296
0.000940
0.001612
0.003087
0.001963
0.001666
0.002803
0.001683
0.002913
0.003010
0.001827
0.004285
0.002527
0.002267
0.002327
0.003489
0.001650
0.002687
0.002247
0.003166
0.002666
0.001849
0.001816
0.001631
0.001871
0.002719
0.003620
0.003308
0.003041
0.002964
0.003620
0.001167
0.003530
0.002253
0.001831
0.002119
0.000249
0.001308
0.001839
0.002599
0.003110
0.000651
0.001660
0.000727
0.001850
0.002677
0.001593
0.000623
0.001326
0.002104
0.002597
0.001754
0.002132
0.001977
0.002759
0.001553
0.002047
0.002719
0.003652
0.002559
0.001931
0.003577
0.000777
0.002533
0.003160
0.001576
0.003385
0.001963
0.001651
0.001666
0.001048
0.002221
0.002382
0.003201
0.002236
0.000571
0.002768
0.002704
0.002191
0.002678
0.001202
0.002245
0.001365
0.002034
0.003357
0.001916
0.002013
0.001918
0.002025
0.002025
0.002956
0.001509
0.001293
0.002400
0.003621
0.002794
0.001373
0.003339
0.003533
0.000939
0.001494
0.000922
0.001139
0.001972
0.001887
0.001497
0.002252
0.001556
0.002215
0.001923
0.001700
0.002939
0.002597
