1.000000
1.000000
0.000000
1.000000
0.000000
1.000000
0.000000
0.906746
1.000000
1.000000
0.996564
1.000000
1.000000
1.000000
1.000000
1.000000
1.000000
1.000000
1.000000
1.000000
1.000000
0.944302
1.000000
1.000000
1.000000
1.000000
1.000000
1.000000
1.000000
1.000000
1.000000
1.000000
1.000000
1.000000
1.000000
1.000000
1.000000
1.000000
1.000000
1.000000
1.000000
1.000000
1.000000
0.993170
0.987179
1.000000
1.000000
0.994813
1.000000
1.000000
1.000000
1.000000
1.000000
0.996970
1.000000
1.000000
1.000000
1.000000
1.000000
1.000000
1.000000
0.995230
1.000000
1.000000
1.000000
0.997115
1.000000
1.000000
1.000000
1.000000
1.000000
1.000000
1.000000
1.000000
1.000000
0.999067
1.000000
1.000000
1.000000
1.000000
1.000000
0.997763
1.000000
1.000000
1.000000
1.000000
1.000000
1.000000
0.991206
0.993333
1.000000
1.000000
1.000000
1.000000
1.000000
1.000000
1.000000
1.000000
1.000000
1.000000
1.000000
1.000000
1.000000
1.000000
1.000000
1.000000
1.000000
1.000000
0.998605
0.976744
1.000000
0.977791
1.000000
1.000000
1.000000
1.000000
1.000000
1.000000
1.000000
1.000000
1.000000
0.944302
1.000000
1.000000
1.000000
1.000000
1.000000
1.000000
1.000000
1.000000
1.000000
1.000000
1.000000
1.000000
1.000000
0.986207
1.000000
1.000000
1.000000
1.000000
1.000000
1.000000
1.000000
0.995179
1.000000
1.000000
0.989718
1.000000
1.000000
1.000000
1.000000
1.000000
1.000000
1.000000
1.000000
1.000000
1.000000
1.000000
1.000000
1.000000
1.000000
0.995230
0.972396
1.000000
1.000000
0.998996
1.000000
1.000000
1.000000
1.000000
1.000000
1.000000
1.000000
1.000000
1.000000
0.999533
1.000000
1.000000
1.000000
1.000000
1.000000
1.000000
1.000000
1.000000
1.000000
1.000000
1.000000
1.000000
0.991206
0.993333
1.000000
1.000000
1.000000
0.995175
1.000000
1.000000
1.000000
1.000000
1.000000
1.000000
