0.169153
0.150744
0.159006
0.148426
0.150382
0.147472
0.164785
0.153544
0.149955
0.153279
0.150642
0.149593
0.159362
0.178565
0.150549
0.152557
0.150067
0.149901
0.153053
0.162806
0.156050
0.155923
0.153588
0.150188
0.154346
0.172579
0.155972
0.167551
0.151875
0.154113
0.154306
0.154957
0.165874
0.153945
0.151689
0.151722
0.153526
0.154281
0.170213
0.160202
0.167227
0.152822
0.152723
0.155215
0.175871
0.159679
0.154161
0.154668
0.153085
0.152917
0.153293
0.163194
0.153206
0.152172
0.152427
0.156165
0.153966
0.170720
0.153099
0.152686
0.152571
0.154023
0.155731
0.158934
0.158379
0.151975
0.154010
0.175204
0.154482
0.159168
0.153944
0.156264
0.154988
0.174464
0.160034
0.160690
0.184897
0.156309
0.154823
0.155813
0.155781
0.159552
0.161009
0.153436
0.154001
0.199485
0.215683
0.210180
0.212429
0.215965
0.210326
0.223689
0.214825
0.202722
0.183678
0.198968
0.197918
0.183854
0.181183
0.179398
0.193537
0.212111
0.198136
0.192515
0.180223
0.184340
0.166202
0.115575
0.097185
0.097308
0.099047
0.103292
0.151876
0.152673
0.153539
0.151454
0.151510
0.154853
0.152627
0.154279
0.156744
0.153970
0.159050
0.153022
0.169540
0.158390
0.159454
0.151395
0.157073
0.152607
0.152979
0.155046
0.153855
0.152492
0.150787
0.154063
0.164076
0.153073
0.155794
0.165966
0.152593
0.153464
0.159796
0.197840
0.164366
0.151686
0.152977
0.169375
0.154159
0.194936
0.158951
0.153689
0.168113
0.154967
0.153389
0.171292
0.156397
0.152671
0.153046
0.156533
0.155059
0.165722
0.154825
0.153739
0.153373
0.156148
0.155865
0.154000
0.157855
0.153644
0.153941
0.155860
0.155711
0.153946
0.156326
0.153207
0.153895
0.155188
0.156022
0.153901
0.165273
0.153896
0.159286
0.160478
0.168181
0.158973
0.158325
0.153399
0.152309
0.153988
0.156120
0.155750
0.176596
0.153727
0.153255
0.155837
0.155892
0.157463
0.177540
0.154487
