0.900000
0.800000
0.840441
1.000000
0.800000
0.900000
0.888889
1.000000
0.906555
0.812585
0.982818
0.794857
0.857143
0.894737
0.785714
0.850932
0.592894
0.603448
0.971429
0.956522
0.605542
0.826907
0.766244
0.885714
0.783659
0.891304
0.906977
0.969795
0.989339
0.820102
1.000000
1.000000
0.912562
0.683723
0.557610
0.896552
0.863636
0.806034
0.910891
0.897959
0.981461
0.762982
0.937037
0.925271
0.820513
0.952381
0.897959
0.853182
0.820349
0.906103
0.962768
0.988889
0.967014
0.981818
0.912621
1.000000
0.857303
0.995161
0.946431
0.778195
1.000000
0.867024
0.906250
0.953026
0.988670
0.976540
0.905061
0.893572
0.890264
0.945455
0.936196
0.991568
0.938419
0.968224
0.956135
0.962561
0.972163
0.934783
0.888278
0.944361
0.984343
0.995587
0.996021
1.000000
0.984420
0.988119
0.968598
1.000000
0.934274
0.924561
0.979400
0.958643
0.985693
0.963997
0.968319
0.964596
0.994793
0.970909
0.918651
1.000000
0.900000
0.800000
0.840441
1.000000
0.800000
0.900000
0.888889
1.000000
0.906555
0.812585
0.982818
0.794857
0.857143
0.894737
0.785714
0.850932
0.592894
0.603448
0.971429
0.956522
0.605542
0.826907
0.766244
0.885714
0.783659
0.891304
0.906977
0.969795
0.989339
0.820102
1.000000
1.000000
0.912562
0.683723
0.557610
0.896552
0.863636
0.806034
0.910891
0.897959
0.981461
0.762982
0.937037
0.925271
0.820513
0.952381
0.897959
0.853182
0.820349
0.906103
0.962768
0.988889
0.967014
0.981818
0.912621
1.000000
0.857303
0.995161
0.946431
0.778195
1.000000
0.867024
0.906250
0.953026
0.988670
0.976540
0.905061
0.893572
0.890264
0.945455
0.936196
0.991568
0.938419
0.968224
0.956135
0.962561
0.972163
0.934783
0.888278
0.944361
0.984343
0.995587
0.996021
1.000000
0.984420
0.988119
0.968598
1.000000
0.934274
0.924561
0.979400
0.958643
0.985693
0.963997
0.968319
0.964596
0.994793
0.970909
0.918651
1.000000
