0.027606
0.011543
0.473789
0.177481
0.011143
0.024507
0.193162
0.009959
0.043412
0.028229
0.352166
0.077232
0.055610
0.019866
0.202740
0.020145
0.287117
0.017644
0.069916
0.021731
0.172537
0.044831
0.032475
0.024289
0.035879
0.442975
0.016970
0.029099
0.315071
0.238837
0.102650
0.228428
0.433363
0.471002
0.040693
0.026294
0.419115
0.295019
0.096743
0.193612
0.091815
0.213637
0.020106
0.084938
0.024417
0.572541
0.060520
0.251141
0.249100
0.070883
0.047080
0.025841
0.221158
0.027222
0.152174
0.484205
4.032532
0.163128
0.178251
1.217465
0.181048
0.058236
0.045745
0.505140
0.182221
0.914587
0.241576
0.027817
0.171707
0.040465
0.442180
0.425491
0.198593
0.469799
0.177949
0.242807
0.064008
0.019186
0.042807
0.163072
0.183670
0.315189
0.146545
0.044433
0.351865
0.109974
0.167616
0.018302
0.030858
0.034936
0.024438
0.044865
0.211759
0.031720
0.024892
0.038700
0.028812
0.026604
0.029817
0.026602
0.010488
0.010264
0.413055
0.166853
0.010573
0.028560
0.198650
0.010198
0.043235
0.029391
0.288601
0.072816
0.057370
0.019619
0.200058
0.019171
0.274852
0.017843
0.063773
0.018400
0.162752
0.038305
0.033100
0.032390
0.040577
0.440298
0.017917
0.031706
0.336139
0.196496
0.107868
0.207840
0.406010
0.435981
0.039018
0.025733
0.400586
0.239742
0.089105
0.230482
0.146047
0.304994
0.023535
0.125688
0.034451
0.817579
0.090390
0.346941
0.336970
0.082391
0.036551
0.021085
0.249468
0.039892
0.199506
0.581222
3.477453
0.160580
0.184933
1.140524
0.155784
0.057323
0.045367
0.484132
0.188454
0.894053
0.241729
0.028942
0.162346
0.053949
0.443881
0.435066
0.206654
0.409156
0.179660
0.231904
0.066148
0.022358
0.055864
0.162366
0.180860
0.315270
0.137562
0.043170
0.359863
0.107598
0.165019
0.018277
0.030074
0.033799
0.024307
0.045399
0.202478
0.030270
0.024921
0.042720
0.032436
0.028841
0.031459
0.026353
